A
27 00 00 00 00 00 26 
00 23 00 00 00 22 00 
21 00 25 00 24 00 28 
00 00 00 00 00 00 00 
00 00 00 00 00 00 00 
00 00 00 00 00 00 00 
08 00 04 00 05 00 01 
00 02 00 00 00 03 00 
06 00 00 00 00 00 07 

27 00 00 00 00 00 26 
00 23 00 00 00 22 00 
21 00 25 00 24 00 28 
00 00 00 00 00 00 00 
00 00 00 00 00 00 00 
00 00 00 00 00 00 01 
08 00 04 00 05 00 00 
00 02 00 00 00 03 00 
06 00 00 00 00 00 07 

27 00 00 00 00 00 26 
00 23 00 00 00 22 00 
21 00 25 00 24 00 00 
00 00 00 00 00 00 28 
00 00 00 00 00 00 00 
00 00 00 00 00 00 01 
08 00 04 00 05 00 00 
00 02 00 00 00 03 00 
06 00 00 00 00 00 07 

27 00 00 00 00 00 26 
00 23 00 00 00 22 00 
21 00 25 00 24 00 00 
00 00 00 00 00 00 28 
00 00 00 00 00 00 00 
00 00 00 00 00 00 01 
08 00 04 05 00 00 00 
00 02 00 00 00 03 00 
06 00 00 00 00 00 07 

27 00 00 00 00 00 26 
00 23 00 00 00 22 00 
21 00 25 00 00 24 00 
00 00 00 00 00 00 28 
00 00 00 00 00 00 00 
00 00 00 00 00 00 01 
08 00 04 05 00 00 00 
00 02 00 00 00 03 00 
06 00 00 00 00 00 07 

27 00 00 00 00 00 26 
00 23 00 00 00 22 00 
21 00 25 00 00 24 00 
00 00 00 00 00 00 28 
00 00 00 00 00 00 01 
00 00 00 00 00 00 00 
08 00 04 05 00 00 00 
00 02 00 00 00 03 00 
06 00 00 00 00 00 07 

27 00 00 00 00 00 26 
00 23 00 00 00 22 00 
21 00 25 00 00 00 24 
00 00 00 00 00 00 28 
00 00 00 00 00 00 01 
00 00 00 00 00 00 00 
08 00 04 05 00 00 00 
00 02 00 00 00 03 00 
06 00 00 00 00 00 07 

27 00 00 00 00 00 26 
00 23 00 00 00 22 00 
21 00 25 00 00 00 24 
00 00 00 00 00 00 01 
00 00 00 00 00 00 00 
00 00 00 00 00 00 00 
08 00 04 05 00 00 00 
00 02 00 00 00 03 00 
06 00 00 00 00 00 07 

27 00 00 00 00 00 26 
00 23 00 00 00 22 00 
21 00 25 00 00 00 00 
00 00 00 00 00 00 24 
00 00 00 00 00 00 00 
00 00 00 00 00 00 00 
08 00 04 05 00 00 00 
00 02 00 00 00 03 00 
06 00 00 00 00 00 07 

27 00 00 00 00 00 26 
00 23 00 00 00 22 00 
21 00 25 00 00 00 00 
00 00 00 00 00 00 24 
00 00 00 00 00 00 00 
00 00 00 00 00 00 00 
08 00 04 05 00 00 00 
00 02 00 00 00 03 07 
06 00 00 00 00 00 00 

27 00 00 00 00 00 26 
00 23 00 00 00 00 00 
21 00 25 00 00 22 00 
00 00 00 00 00 00 24 
00 00 00 00 00 00 00 
00 00 00 00 00 00 00 
08 00 04 05 00 00 00 
00 02 00 00 00 03 07 
06 00 00 00 00 00 00 

27 00 00 00 00 00 26 
00 23 00 00 00 00 00 
21 00 25 00 00 22 00 
00 00 00 00 00 00 24 
00 00 00 00 00 00 00 
00 00 00 00 00 00 00 
08 00 04 05 00 00 07 
00 02 00 00 00 03 00 
06 00 00 00 00 00 00 

27 00 00 00 00 00 26 
00 23 00 00 00 00 00 
21 00 25 00 00 22 00 
00 00 00 00 00 00 00 
00 00 00 00 00 00 24 
00 00 00 00 00 00 00 
08 00 04 05 00 00 07 
00 02 00 00 00 03 00 
06 00 00 00 00 00 00 

27 00 00 00 00 00 26 
00 23 00 00 00 00 00 
21 00 25 00 00 22 00 
00 00 00 00 00 00 00 
00 00 00 00 00 00 24 
00 00 00 00 00 00 07 
08 00 04 05 00 00 00 
00 02 00 00 00 03 00 
06 00 00 00 00 00 00 

27 00 00 00 00 00 26 
00 23 00 00 00 00 00 
21 00 25 00 22 00 00 
00 00 00 00 00 00 00 
00 00 00 00 00 00 24 
00 00 00 00 00 00 07 
08 00 04 05 00 00 00 
00 02 00 00 00 03 00 
06 00 00 00 00 00 00 

27 00 00 00 00 00 26 
00 23 00 00 00 00 00 
21 00 25 00 22 00 00 
00 00 00 00 00 00 00 
00 00 00 00 00 00 07 
00 00 00 00 00 00 00 
08 00 04 05 00 00 00 
00 02 00 00 00 03 00 
06 00 00 00 00 00 00 

27 00 00 00 00 00 26 
00 23 00 00 00 00 00 
21 00 25 00 00 22 00 
00 00 00 00 00 00 00 
00 00 00 00 00 00 07 
00 00 00 00 00 00 00 
08 00 04 05 00 00 00 
00 02 00 00 00 03 00 
06 00 00 00 00 00 00 

27 00 00 00 00 00 26 
00 23 00 00 00 00 00 
21 00 25 00 00 22 00 
00 00 00 00 00 00 00 
00 00 00 00 00 00 07 
00 00 00 00 00 00 00 
08 00 04 05 00 00 00 
00 02 00 00 00 00 03 
06 00 00 00 00 00 00 

27 00 00 00 00 00 26 
00 23 00 00 00 00 00 
21 00 00 25 00 22 00 
00 00 00 00 00 00 00 
00 00 00 00 00 00 07 
00 00 00 00 00 00 00 
08 00 04 05 00 00 00 
00 02 00 00 00 00 03 
06 00 00 00 00 00 00 

27 00 00 00 00 00 26 
00 23 00 00 00 00 00 
21 00 00 25 00 22 00 
00 00 00 00 00 00 07 
00 00 00 00 00 00 00 
00 00 00 00 00 00 00 
08 00 04 05 00 00 00 
00 02 00 00 00 00 03 
06 00 00 00 00 00 00 

27 00 00 00 00 00 26 
00 23 00 00 00 00 00 
21 00 00 25 00 00 22 
00 00 00 00 00 00 07 
00 00 00 00 00 00 00 
00 00 00 00 00 00 00 
08 00 04 05 00 00 00 
00 02 00 00 00 00 03 
06 00 00 00 00 00 00 

27 00 00 00 00 00 26 
00 23 00 00 00 00 00 
21 00 00 25 00 00 22 
00 00 00 00 00 00 07 
00 00 00 00 00 00 00 
00 00 00 00 00 00 00 
08 00 04 05 00 00 03 
00 02 00 00 00 00 00 
06 00 00 00 00 00 00 

27 00 00 00 00 00 26 
00 23 00 00 00 00 00 
21 00 00 00 25 00 22 
00 00 00 00 00 00 07 
00 00 00 00 00 00 00 
00 00 00 00 00 00 00 
08 00 04 05 00 00 03 
00 02 00 00 00 00 00 
06 00 00 00 00 00 00 

27 00 00 00 00 00 26 
00 23 00 00 00 00 00 
21 00 00 00 25 00 07 
00 00 00 00 00 00 00 
00 00 00 00 00 00 00 
00 00 00 00 00 00 00 
08 00 04 05 00 00 03 
00 02 00 00 00 00 00 
06 00 00 00 00 00 00 

27 00 00 00 00 00 26 
00 23 00 00 00 00 00 
21 00 00 25 00 00 07 
00 00 00 00 00 00 00 
00 00 00 00 00 00 00 
00 00 00 00 00 00 00 
08 00 04 05 00 00 03 
00 02 00 00 00 00 00 
06 00 00 00 00 00 00 

27 00 00 00 00 00 26 
00 23 00 00 00 00 00 
21 00 00 25 00 00 07 
00 00 00 00 00 00 00 
00 00 00 00 00 00 00 
00 00 00 05 00 00 00 
08 00 04 00 00 00 03 
00 02 00 00 00 00 00 
06 00 00 00 00 00 00 

27 00 00 00 00 00 26 
00 23 00 00 00 00 00 
21 00 00 00 25 00 07 
00 00 00 00 00 00 00 
00 00 00 00 00 00 00 
00 00 00 05 00 00 00 
08 00 04 00 00 00 03 
00 02 00 00 00 00 00 
06 00 00 00 00 00 00 

27 00 00 00 00 00 26 
00 23 00 00 00 00 00 
21 00 00 00 25 07 00 
00 00 00 00 00 00 00 
00 00 00 00 00 00 00 
00 00 00 05 00 00 00 
08 00 04 00 00 00 03 
00 02 00 00 00 00 00 
06 00 00 00 00 00 00 

27 00 00 00 00 00 26 
00 23 00 00 00 00 00 
00 21 00 00 25 07 00 
00 00 00 00 00 00 00 
00 00 00 00 00 00 00 
00 00 00 05 00 00 00 
08 00 04 00 00 00 03 
00 02 00 00 00 00 00 
06 00 00 00 00 00 00 

27 00 00 00 00 00 26 
00 23 00 00 00 00 00 
00 21 00 00 07 00 00 
00 00 00 00 00 00 00 
00 00 00 00 00 00 00 
00 00 00 05 00 00 00 
08 00 04 00 00 00 03 
00 02 00 00 00 00 00 
06 00 00 00 00 00 00 

27 00 00 00 00 00 26 
00 23 00 00 00 00 00 
00 00 21 00 07 00 00 
00 00 00 00 00 00 00 
00 00 00 00 00 00 00 
00 00 00 05 00 00 00 
08 00 04 00 00 00 03 
00 02 00 00 00 00 00 
06 00 00 00 00 00 00 

27 00 00 00 00 00 26 
00 23 00 00 00 00 00 
00 00 21 00 07 00 00 
00 00 00 00 00 00 00 
00 00 00 05 00 00 00 
00 00 00 00 00 00 00 
08 00 04 00 00 00 03 
00 02 00 00 00 00 00 
06 00 00 00 00 00 00 

27 00 00 00 00 00 00 
00 23 00 00 00 00 26 
00 00 21 00 07 00 00 
00 00 00 00 00 00 00 
00 00 00 05 00 00 00 
00 00 00 00 00 00 00 
08 00 04 00 00 00 03 
00 02 00 00 00 00 00 
06 00 00 00 00 00 00 

27 00 00 00 00 00 00 
00 23 00 00 00 00 26 
00 00 21 00 00 07 00 
00 00 00 00 00 00 00 
00 00 00 05 00 00 00 
00 00 00 00 00 00 00 
08 00 04 00 00 00 03 
00 02 00 00 00 00 00 
06 00 00 00 00 00 00 

27 00 00 00 00 00 00 
00 23 00 00 00 00 26 
00 00 00 21 00 07 00 
00 00 00 00 00 00 00 
00 00 00 05 00 00 00 
00 00 00 00 00 00 00 
08 00 04 00 00 00 03 
00 02 00 00 00 00 00 
06 00 00 00 00 00 00 

27 00 00 00 00 00 00 
00 23 00 00 00 00 26 
00 00 00 21 00 07 00 
00 00 00 05 00 00 00 
00 00 00 00 00 00 00 
00 00 00 00 00 00 00 
08 00 04 00 00 00 03 
00 02 00 00 00 00 00 
06 00 00 00 00 00 00 

27 00 00 00 00 00 00 
00 23 00 21 00 00 26 
00 00 00 00 00 07 00 
00 00 00 05 00 00 00 
00 00 00 00 00 00 00 
00 00 00 00 00 00 00 
08 00 04 00 00 00 03 
00 02 00 00 00 00 00 
06 00 00 00 00 00 00 

27 00 00 00 00 00 00 
00 23 00 21 00 07 26 
00 00 00 00 00 00 00 
00 00 00 05 00 00 00 
00 00 00 00 00 00 00 
00 00 00 00 00 00 00 
08 00 04 00 00 00 03 
00 02 00 00 00 00 00 
06 00 00 00 00 00 00 

27 00 00 00 00 00 26 
00 23 00 21 00 07 00 
00 00 00 00 00 00 00 
00 00 00 05 00 00 00 
00 00 00 00 00 00 00 
00 00 00 00 00 00 00 
08 00 04 00 00 00 03 
00 02 00 00 00 00 00 
06 00 00 00 00 00 00 

27 00 00 00 00 00 26 
00 23 00 21 00 07 00 
00 00 00 00 00 00 00 
00 00 00 05 00 00 00 
00 00 00 00 00 00 00 
00 00 00 00 00 00 00 
08 00 04 00 00 00 03 
00 02 00 00 00 00 00 
00 06 00 00 00 00 00 

27 00 00 00 00 00 26 
00 00 00 21 00 07 00 
00 23 00 00 00 00 00 
00 00 00 05 00 00 00 
00 00 00 00 00 00 00 
00 00 00 00 00 00 00 
08 00 04 00 00 00 03 
00 02 00 00 00 00 00 
00 06 00 00 00 00 00 

27 00 00 00 00 00 26 
00 00 00 21 00 07 00 
00 23 00 00 00 00 00 
00 00 00 05 00 00 00 
00 00 00 00 00 00 00 
00 00 00 00 00 00 00 
08 00 04 00 00 00 03 
00 00 02 00 00 00 00 
00 06 00 00 00 00 00 

27 00 00 00 00 00 26 
00 00 00 21 00 07 00 
23 00 00 00 00 00 00 
00 00 00 05 00 00 00 
00 00 00 00 00 00 00 
00 00 00 00 00 00 00 
08 00 04 00 00 00 03 
00 00 02 00 00 00 00 
00 06 00 00 00 00 00 

27 00 00 00 00 00 26 
00 00 00 21 00 07 00 
23 00 00 00 00 00 00 
00 00 00 05 00 00 00 
00 00 00 00 00 00 00 
00 00 00 00 00 00 00 
08 00 04 00 00 00 03 
00 06 02 00 00 00 00 
00 00 00 00 00 00 00 

00 27 00 00 00 00 26 
00 00 00 21 00 07 00 
23 00 00 00 00 00 00 
00 00 00 05 00 00 00 
00 00 00 00 00 00 00 
00 00 00 00 00 00 00 
08 00 04 00 00 00 03 
00 06 02 00 00 00 00 
00 00 00 00 00 00 00 

00 27 00 00 00 00 26 
00 00 00 21 00 07 00 
23 00 00 00 00 00 00 
00 00 00 05 00 00 00 
00 00 00 00 00 00 00 
00 00 00 00 00 00 00 
08 06 04 00 00 00 03 
00 00 02 00 00 00 00 
00 00 00 00 00 00 00 

00 27 00 00 00 00 26 
00 00 00 21 00 07 00 
00 00 00 00 00 00 00 
23 00 00 05 00 00 00 
00 00 00 00 00 00 00 
00 00 00 00 00 00 00 
08 06 04 00 00 00 03 
00 00 02 00 00 00 00 
00 00 00 00 00 00 00 

00 27 00 00 00 00 26 
00 00 00 21 00 07 00 
00 06 00 00 00 00 00 
23 00 00 05 00 00 00 
00 00 00 00 00 00 00 
00 00 00 00 00 00 00 
08 00 04 00 00 00 03 
00 00 02 00 00 00 00 
00 00 00 00 00 00 00 

00 27 00 00 00 00 26 
00 00 00 00 00 07 00 
00 06 00 21 00 00 00 
23 00 00 05 00 00 00 
00 00 00 00 00 00 00 
00 00 00 00 00 00 00 
08 00 04 00 00 00 03 
00 00 02 00 00 00 00 
00 00 00 00 00 00 00 

00 27 00 00 00 00 26 
00 00 00 00 00 07 00 
00 00 06 21 00 00 00 
23 00 00 05 00 00 00 
00 00 00 00 00 00 00 
00 00 00 00 00 00 00 
08 00 04 00 00 00 03 
00 00 02 00 00 00 00 
00 00 00 00 00 00 00 

00 27 00 00 00 00 26 
00 00 00 00 00 07 00 
00 00 06 00 21 00 00 
23 00 00 05 00 00 00 
00 00 00 00 00 00 00 
00 00 00 00 00 00 00 
08 00 04 00 00 00 03 
00 00 02 00 00 00 00 
00 00 00 00 00 00 00 

00 27 00 00 00 00 26 
00 00 00 00 00 07 00 
00 00 06 05 21 00 00 
23 00 00 00 00 00 00 
00 00 00 00 00 00 00 
00 00 00 00 00 00 00 
08 00 04 00 00 00 03 
00 00 02 00 00 00 00 
00 00 00 00 00 00 00 

00 27 00 00 00 26 00 
00 00 00 00 00 07 00 
00 00 06 05 21 00 00 
23 00 00 00 00 00 00 
00 00 00 00 00 00 00 
00 00 00 00 00 00 00 
08 00 04 00 00 00 03 
00 00 02 00 00 00 00 
00 00 00 00 00 00 00 

00 27 00 00 00 07 00 
00 00 00 00 00 00 00 
00 00 06 05 21 00 00 
23 00 00 00 00 00 00 
00 00 00 00 00 00 00 
00 00 00 00 00 00 00 
08 00 04 00 00 00 03 
00 00 02 00 00 00 00 
00 00 00 00 00 00 00 

00 27 00 00 00 07 00 
00 00 00 00 00 00 00 
00 00 06 05 00 21 00 
23 00 00 00 00 00 00 
00 00 00 00 00 00 00 
00 00 00 00 00 00 00 
08 00 04 00 00 00 03 
00 00 02 00 00 00 00 
00 00 00 00 00 00 00 

00 27 00 00 00 07 00 
00 00 00 00 00 00 00 
00 00 06 00 05 21 00 
23 00 00 00 00 00 00 
00 00 00 00 00 00 00 
00 00 00 00 00 00 00 
08 00 04 00 00 00 03 
00 00 02 00 00 00 00 
00 00 00 00 00 00 00 

00 27 00 00 00 07 00 
00 00 00 00 00 00 00 
00 00 06 00 05 00 21 
23 00 00 00 00 00 00 
00 00 00 00 00 00 00 
00 00 00 00 00 00 00 
08 00 04 00 00 00 03 
00 00 02 00 00 00 00 
00 00 00 00 00 00 00 

00 27 00 00 00 07 00 
00 00 00 00 00 00 00 
00 00 00 06 05 00 21 
23 00 00 00 00 00 00 
00 00 00 00 00 00 00 
00 00 00 00 00 00 00 
08 00 04 00 00 00 03 
00 00 02 00 00 00 00 
00 00 00 00 00 00 00 

00 00 27 00 00 07 00 
00 00 00 00 00 00 00 
00 00 00 06 05 00 21 
23 00 00 00 00 00 00 
00 00 00 00 00 00 00 
00 00 00 00 00 00 00 
08 00 04 00 00 00 03 
00 00 02 00 00 00 00 
00 00 00 00 00 00 00 

00 00 27 00 00 07 00 
00 00 00 00 00 00 00 
00 00 00 00 05 00 21 
23 00 00 06 00 00 00 
00 00 00 00 00 00 00 
00 00 00 00 00 00 00 
08 00 04 00 00 00 03 
00 00 02 00 00 00 00 
00 00 00 00 00 00 00 

00 00 00 00 00 07 00 
00 00 27 00 00 00 00 
00 00 00 00 05 00 21 
23 00 00 06 00 00 00 
00 00 00 00 00 00 00 
00 00 00 00 00 00 00 
08 00 04 00 00 00 03 
00 00 02 00 00 00 00 
00 00 00 00 00 00 00 

00 00 00 00 00 07 00 
00 00 27 00 00 00 00 
00 00 00 00 05 00 21 
06 00 00 00 00 00 00 
00 00 00 00 00 00 00 
00 00 00 00 00 00 00 
08 00 04 00 00 00 03 
00 00 02 00 00 00 00 
00 00 00 00 00 00 00 

00 00 00 00 00 07 00 
00 00 00 27 00 00 00 
00 00 00 00 05 00 21 
06 00 00 00 00 00 00 
00 00 00 00 00 00 00 
00 00 00 00 00 00 00 
08 00 04 00 00 00 03 
00 00 02 00 00 00 00 
00 00 00 00 00 00 00 

00 00 00 00 00 07 00 
00 00 00 27 00 00 00 
06 00 00 00 05 00 21 
00 00 00 00 00 00 00 
00 00 00 00 00 00 00 
00 00 00 00 00 00 00 
08 00 04 00 00 00 03 
00 00 02 00 00 00 00 
00 00 00 00 00 00 00 

00 00 00 00 00 07 00 
00 00 00 27 00 00 21 
06 00 00 00 05 00 00 
00 00 00 00 00 00 00 
00 00 00 00 00 00 00 
00 00 00 00 00 00 00 
08 00 04 00 00 00 03 
00 00 02 00 00 00 00 
00 00 00 00 00 00 00 

00 00 00 00 00 07 00 
00 00 00 27 00 00 21 
00 06 00 00 05 00 00 
00 00 00 00 00 00 00 
00 00 00 00 00 00 00 
00 00 00 00 00 00 00 
08 00 04 00 00 00 03 
00 00 02 00 00 00 00 
00 00 00 00 00 00 00 

00 00 00 00 00 07 00 
00 00 00 00 27 00 21 
00 06 00 00 05 00 00 
00 00 00 00 00 00 00 
00 00 00 00 00 00 00 
00 00 00 00 00 00 00 
08 00 04 00 00 00 03 
00 00 02 00 00 00 00 
00 00 00 00 00 00 00 

00 00 00 00 00 07 00 
00 06 00 00 27 00 21 
00 00 00 00 05 00 00 
00 00 00 00 00 00 00 
00 00 00 00 00 00 00 
00 00 00 00 00 00 00 
08 00 04 00 00 00 03 
00 00 02 00 00 00 00 
00 00 00 00 00 00 00 

00 00 00 00 00 07 00 
00 06 00 00 00 00 21 
00 00 00 00 27 00 00 
00 00 00 00 00 00 00 
00 00 00 00 00 00 00 
00 00 00 00 00 00 00 
08 00 04 00 00 00 03 
00 00 02 00 00 00 00 
00 00 00 00 00 00 00 

00 00 00 00 00 07 00 
00 00 06 00 00 00 21 
00 00 00 00 27 00 00 
00 00 00 00 00 00 00 
00 00 00 00 00 00 00 
00 00 00 00 00 00 00 
08 00 04 00 00 00 03 
00 00 02 00 00 00 00 
00 00 00 00 00 00 00 

00 00 00 00 00 07 00 
00 00 06 00 27 00 21 
00 00 00 00 00 00 00 
00 00 00 00 00 00 00 
00 00 00 00 00 00 00 
00 00 00 00 00 00 00 
08 00 04 00 00 00 03 
00 00 02 00 00 00 00 
00 00 00 00 00 00 00 

00 00 00 00 00 07 00 
00 00 00 06 27 00 21 
00 00 00 00 00 00 00 
00 00 00 00 00 00 00 
00 00 00 00 00 00 00 
00 00 00 00 00 00 00 
08 00 04 00 00 00 03 
00 00 02 00 00 00 00 
00 00 00 00 00 00 00 

00 00 00 00 00 07 00 
00 00 00 27 00 00 21 
00 00 00 00 00 00 00 
00 00 00 00 00 00 00 
00 00 00 00 00 00 00 
00 00 00 00 00 00 00 
08 00 04 00 00 00 03 
00 00 02 00 00 00 00 
00 00 00 00 00 00 00 

00 00 00 00 07 00 00 
00 00 00 27 00 00 21 
00 00 00 00 00 00 00 
00 00 00 00 00 00 00 
00 00 00 00 00 00 00 
00 00 00 00 00 00 00 
08 00 04 00 00 00 03 
00 00 02 00 00 00 00 
00 00 00 00 00 00 00 

00 00 00 00 07 00 21 
00 00 00 27 00 00 00 
00 00 00 00 00 00 00 
00 00 00 00 00 00 00 
00 00 00 00 00 00 00 
00 00 00 00 00 00 00 
08 00 04 00 00 00 03 
00 00 02 00 00 00 00 
00 00 00 00 00 00 00 

00 00 00 07 00 00 21 
00 00 00 27 00 00 00 
00 00 00 00 00 00 00 
00 00 00 00 00 00 00 
00 00 00 00 00 00 00 
00 00 00 00 00 00 00 
08 00 04 00 00 00 03 
00 00 02 00 00 00 00 
00 00 00 00 00 00 00 

