27 00 00 00 00 00 26 
00 23 00 00 00 22 00 
21 00 25 00 24 00 28 
00 00 00 00 00 00 00 
00 00 00 00 00 00 00 
00 00 00 00 00 00 00 
08 00 04 00 05 00 01 
00 02 00 00 00 03 00 
06 00 00 00 00 00 07 

27 00 00 00 00 00 26 
00 23 00 00 00 22 00 
21 00 25 00 24 00 28 
00 00 00 00 00 00 00 
00 00 00 00 00 00 00 
00 00 00 00 00 00 00 
00 00 04 00 05 00 01 
08 02 00 00 00 03 00 
06 00 00 00 00 00 07 

27 00 00 00 00 00 26 
00 23 00 00 00 22 00 
00 21 25 00 24 00 28 
00 00 00 00 00 00 00 
00 00 00 00 00 00 00 
00 00 00 00 00 00 00 
00 00 04 00 05 00 01 
08 02 00 00 00 03 00 
06 00 00 00 00 00 07 

27 00 00 00 00 00 26 
00 23 00 00 00 22 00 
00 21 25 00 24 00 28 
00 00 00 00 00 00 00 
00 00 00 00 00 00 00 
00 00 00 00 00 00 01 
00 00 04 00 05 00 00 
08 02 00 00 00 03 00 
06 00 00 00 00 00 07 

27 00 00 00 00 00 26 
00 23 00 00 00 22 28 
00 21 25 00 24 00 00 
00 00 00 00 00 00 00 
00 00 00 00 00 00 00 
00 00 00 00 00 00 01 
00 00 04 00 05 00 00 
08 02 00 00 00 03 00 
06 00 00 00 00 00 07 

27 00 00 00 00 00 26 
00 23 00 00 00 22 28 
00 21 25 00 24 00 00 
00 00 00 00 00 00 00 
00 00 00 00 00 00 00 
00 00 00 00 00 01 00 
00 00 04 00 05 00 00 
08 02 00 00 00 03 00 
06 00 00 00 00 00 07 

27 00 00 00 00 00 26 
00 23 00 00 00 22 28 
00 00 25 00 24 00 00 
00 21 00 00 00 00 00 
00 00 00 00 00 00 00 
00 00 00 00 00 01 00 
00 00 04 00 05 00 00 
08 02 00 00 00 03 00 
06 00 00 00 00 00 07 

27 00 00 00 00 00 26 
00 23 00 00 00 22 28 
00 00 25 00 24 00 00 
00 21 00 00 00 00 00 
00 00 00 00 00 00 00 
00 00 00 00 00 01 00 
00 00 04 00 05 00 00 
08 02 00 00 00 03 07 
06 00 00 00 00 00 00 

00 00 00 00 00 00 26 
27 23 00 00 00 22 28 
00 00 25 00 24 00 00 
00 21 00 00 00 00 00 
00 00 00 00 00 00 00 
00 00 00 00 00 01 00 
00 00 04 00 05 00 00 
08 02 00 00 00 03 07 
06 00 00 00 00 00 00 

00 00 00 00 00 00 26 
27 23 00 00 00 22 28 
00 00 25 00 24 00 00 
00 21 00 00 00 00 00 
00 00 00 00 00 00 00 
00 00 00 00 00 01 00 
00 00 04 00 05 00 00 
08 02 00 00 00 03 07 
00 06 00 00 00 00 00 

00 00 00 00 00 00 26 
00 23 00 00 00 22 28 
27 00 25 00 24 00 00 
00 21 00 00 00 00 00 
00 00 00 00 00 00 00 
00 00 00 00 00 01 00 
00 00 04 00 05 00 00 
08 02 00 00 00 03 07 
00 06 00 00 00 00 00 

00 00 00 00 00 00 26 
00 23 00 00 00 22 28 
27 00 25 00 24 00 00 
00 21 00 00 00 00 00 
00 00 00 00 00 00 00 
00 00 00 00 00 01 00 
00 00 04 00 05 00 00 
08 00 02 00 00 03 07 
00 06 00 00 00 00 00 

00 00 00 00 00 00 26 
00 23 00 00 00 22 28 
27 00 25 00 24 00 00 
00 00 00 00 00 00 00 
00 21 00 00 00 00 00 
00 00 00 00 00 01 00 
00 00 04 00 05 00 00 
08 00 02 00 00 03 07 
00 06 00 00 00 00 00 

00 00 00 00 00 00 26 
00 23 00 00 00 22 28 
27 00 25 00 24 00 00 
00 00 00 00 00 00 00 
00 21 00 00 00 00 00 
00 00 00 00 00 01 00 
00 00 04 00 05 00 00 
08 06 02 00 00 03 07 
00 00 00 00 00 00 00 

00 00 00 00 00 00 26 
00 23 00 00 00 22 28 
00 00 25 00 24 00 00 
27 00 00 00 00 00 00 
00 21 00 00 00 00 00 
00 00 00 00 00 01 00 
00 00 04 00 05 00 00 
08 06 02 00 00 03 07 
00 00 00 00 00 00 00 

00 00 00 00 00 00 26 
00 23 00 00 00 22 28 
00 00 25 00 24 00 00 
27 00 00 00 00 00 00 
00 21 00 00 00 00 00 
00 00 00 00 00 01 00 
00 00 04 00 05 00 07 
08 06 02 00 00 03 00 
00 00 00 00 00 00 00 

00 00 00 00 00 26 00 
00 23 00 00 00 22 28 
00 00 25 00 24 00 00 
27 00 00 00 00 00 00 
00 21 00 00 00 00 00 
00 00 00 00 00 01 00 
00 00 04 00 05 00 07 
08 06 02 00 00 03 00 
00 00 00 00 00 00 00 

00 00 00 00 00 26 00 
00 23 00 00 00 22 28 
00 00 25 00 24 00 00 
27 00 00 00 00 00 00 
00 21 00 00 00 01 00 
00 00 00 00 00 00 00 
00 00 04 00 05 00 07 
08 06 02 00 00 03 00 
00 00 00 00 00 00 00 

00 00 00 00 26 00 00 
00 23 00 00 00 22 28 
00 00 25 00 24 00 00 
27 00 00 00 00 00 00 
00 21 00 00 00 01 00 
00 00 00 00 00 00 00 
00 00 04 00 05 00 07 
08 06 02 00 00 03 00 
00 00 00 00 00 00 00 

00 00 00 00 26 00 00 
00 23 00 00 00 22 28 
00 00 25 00 24 00 00 
27 00 00 00 00 00 00 
00 21 00 00 00 01 00 
00 00 00 00 00 00 00 
00 06 04 00 05 00 07 
08 00 02 00 00 03 00 
00 00 00 00 00 00 00 

00 00 00 00 00 00 00 
00 23 00 00 26 22 28 
00 00 25 00 24 00 00 
27 00 00 00 00 00 00 
00 21 00 00 00 01 00 
00 00 00 00 00 00 00 
00 06 04 00 05 00 07 
08 00 02 00 00 03 00 
00 00 00 00 00 00 00 

00 00 00 00 00 00 00 
00 23 00 00 26 22 28 
00 00 25 00 24 00 00 
27 00 00 00 00 00 00 
00 21 00 00 00 01 00 
00 00 00 00 00 00 00 
00 06 04 00 05 00 07 
00 08 02 00 00 03 00 
00 00 00 00 00 00 00 

00 00 00 00 00 00 00 
00 23 00 00 26 22 28 
00 00 25 00 00 24 00 
27 00 00 00 00 00 00 
00 21 00 00 00 01 00 
00 00 00 00 00 00 00 
00 06 04 00 05 00 07 
00 08 02 00 00 03 00 
00 00 00 00 00 00 00 

00 00 00 00 00 00 00 
00 23 00 00 26 22 28 
00 00 25 00 00 24 00 
27 00 00 00 00 00 00 
00 21 00 00 00 01 00 
00 00 00 00 00 00 00 
00 06 00 04 05 00 07 
00 08 02 00 00 03 00 
00 00 00 00 00 00 00 

00 00 00 00 00 00 00 
00 23 00 00 00 22 28 
00 00 25 00 26 24 00 
27 00 00 00 00 00 00 
00 21 00 00 00 01 00 
00 00 00 00 00 00 00 
00 06 00 04 05 00 07 
00 08 02 00 00 03 00 
00 00 00 00 00 00 00 

00 00 00 00 00 00 00 
00 23 00 00 00 22 28 
00 00 25 00 26 24 00 
27 00 00 00 00 00 00 
00 21 00 00 00 01 00 
00 00 00 00 00 00 00 
06 00 00 04 05 00 07 
00 08 02 00 00 03 00 
00 00 00 00 00 00 00 

00 00 00 00 00 00 00 
00 23 00 00 00 22 28 
00 00 25 00 00 24 00 
27 00 00 00 00 00 00 
00 21 00 00 00 01 00 
00 00 00 00 00 00 00 
06 00 00 04 26 00 07 
00 08 02 00 00 03 00 
00 00 00 00 00 00 00 

00 00 00 00 00 00 00 
00 23 00 00 00 22 28 
00 00 25 00 00 24 00 
27 00 00 00 00 00 00 
00 21 00 00 00 01 00 
00 00 00 00 00 00 00 
06 00 00 04 26 00 07 
00 08 02 00 00 03 00 
00 00 00 00 00 00 00 

00 00 00 00 00 00 00 
00 23 00 00 00 22 28 
00 00 25 00 26 24 00 
27 00 00 00 00 00 00 
00 21 00 00 01 00 00 
00 00 00 00 00 00 00 
00 06 00 04 05 00 07 
00 08 02 00 00 03 00 
00 00 00 00 00 00 00 

