A
27 00 00 00 00 00 26 
00 23 00 00 00 22 00 
21 00 25 00 24 00 28 
00 00 00 00 00 00 00 
00 00 00 00 00 00 00 
00 00 00 00 00 00 00 
08 00 04 00 05 00 01 
00 02 00 00 00 03 00 
06 00 00 00 00 00 07 

27 00 00 00 00 00 26 
00 23 00 00 00 22 00 
21 00 25 00 24 00 28 
00 00 00 00 00 00 00 
00 00 00 00 00 00 00 
00 00 00 00 00 00 00 
08 00 04 00 05 01 00 
00 02 00 00 00 03 00 
06 00 00 00 00 00 07 

27 00 00 00 00 00 26 
00 23 00 00 00 22 00 
21 00 25 00 24 00 00 
00 00 00 00 00 00 28 
00 00 00 00 00 00 00 
00 00 00 00 00 00 00 
08 00 04 00 05 01 00 
00 02 00 00 00 03 00 
06 00 00 00 00 00 07 

27 00 00 00 00 00 26 
00 23 00 00 00 22 00 
21 00 25 00 24 00 00 
00 00 00 00 00 00 28 
00 00 00 00 00 00 00 
00 00 00 00 00 00 00 
08 00 04 00 05 01 00 
00 02 00 00 00 03 07 
06 00 00 00 00 00 00 

27 00 00 00 00 00 26 
00 23 00 00 00 22 00 
21 00 25 00 24 00 00 
00 00 00 00 00 00 00 
00 00 00 00 00 00 28 
00 00 00 00 00 00 00 
08 00 04 00 05 01 00 
00 02 00 00 00 03 07 
06 00 00 00 00 00 00 

27 00 00 00 00 00 26 
00 23 00 00 00 22 00 
21 00 25 00 24 00 00 
00 00 00 00 00 00 00 
00 00 00 00 00 00 28 
00 00 00 00 00 00 00 
08 00 04 00 05 01 07 
00 02 00 00 00 03 00 
06 00 00 00 00 00 00 

27 00 00 00 00 00 26 
00 00 23 00 00 22 00 
21 00 25 00 24 00 00 
00 00 00 00 00 00 00 
00 00 00 00 00 00 28 
00 00 00 00 00 00 00 
08 00 04 00 05 01 07 
00 02 00 00 00 03 00 
06 00 00 00 00 00 00 

27 00 00 00 00 00 26 
00 00 23 00 00 22 00 
21 00 25 00 24 00 00 
00 00 00 00 00 00 00 
00 00 00 00 00 00 28 
00 00 00 00 00 00 07 
08 00 04 00 05 01 00 
00 02 00 00 00 03 00 
06 00 00 00 00 00 00 

27 00 00 00 00 00 26 
00 00 23 00 00 22 00 
21 00 25 00 24 00 00 
00 00 00 00 00 00 00 
00 00 00 00 00 00 00 
00 00 00 00 00 00 28 
08 00 04 00 05 01 00 
00 02 00 00 00 03 00 
06 00 00 00 00 00 00 

27 00 00 00 00 00 26 
00 00 23 00 00 22 00 
21 00 25 00 24 00 00 
00 00 00 00 00 00 00 
00 00 00 00 00 00 00 
00 00 00 00 00 00 28 
08 00 00 04 05 01 00 
00 02 00 00 00 03 00 
06 00 00 00 00 00 00 

27 00 00 00 00 00 26 
00 00 23 00 00 22 00 
21 00 00 25 24 00 00 
00 00 00 00 00 00 00 
00 00 00 00 00 00 00 
00 00 00 00 00 00 28 
08 00 00 04 05 01 00 
00 02 00 00 00 03 00 
06 00 00 00 00 00 00 

27 00 00 00 00 00 26 
00 00 23 00 00 22 00 
21 00 00 25 24 00 00 
00 00 00 00 00 00 00 
00 00 00 00 00 00 00 
00 00 00 00 00 00 28 
08 00 00 04 05 01 00 
00 00 02 00 00 03 00 
06 00 00 00 00 00 00 

27 00 00 00 00 00 26 
00 00 23 00 00 22 00 
00 21 00 25 24 00 00 
00 00 00 00 00 00 00 
00 00 00 00 00 00 00 
00 00 00 00 00 00 28 
08 00 00 04 05 01 00 
00 00 02 00 00 03 00 
06 00 00 00 00 00 00 

27 00 00 00 00 00 26 
00 00 23 00 00 22 00 
00 21 00 25 24 00 00 
00 00 00 00 00 00 00 
00 00 00 00 00 00 00 
00 00 00 00 00 00 28 
08 00 00 04 05 01 00 
00 00 02 00 00 03 00 
00 06 00 00 00 00 00 

27 00 00 00 00 00 26 
00 00 23 00 00 22 00 
00 00 21 25 24 00 00 
00 00 00 00 00 00 00 
00 00 00 00 00 00 00 
00 00 00 00 00 00 28 
08 00 00 04 05 01 00 
00 00 02 00 00 03 00 
00 06 00 00 00 00 00 

27 00 00 00 00 00 26 
00 00 23 00 00 22 00 
00 00 21 25 24 00 00 
00 00 00 00 00 00 00 
00 00 00 00 00 00 00 
00 00 00 00 00 00 28 
08 00 00 04 05 01 00 
00 06 02 00 00 03 00 
00 00 00 00 00 00 00 

00 27 00 00 00 00 26 
00 00 23 00 00 22 00 
00 00 21 25 24 00 00 
00 00 00 00 00 00 00 
00 00 00 00 00 00 00 
00 00 00 00 00 00 28 
08 00 00 04 05 01 00 
00 06 02 00 00 03 00 
00 00 00 00 00 00 00 

00 27 00 00 00 00 26 
00 00 23 00 00 22 00 
00 00 21 25 24 00 00 
00 00 00 00 00 00 00 
00 00 00 00 00 00 00 
00 00 00 00 00 00 28 
08 06 00 04 05 01 00 
00 00 02 00 00 03 00 
00 00 00 00 00 00 00 

00 00 00 00 00 00 26 
00 27 23 00 00 22 00 
00 00 21 25 24 00 00 
00 00 00 00 00 00 00 
00 00 00 00 00 00 00 
00 00 00 00 00 00 28 
08 06 00 04 05 01 00 
00 00 02 00 00 03 00 
00 00 00 00 00 00 00 

00 00 00 00 00 00 26 
00 27 23 00 00 22 00 
00 00 21 25 24 00 00 
00 00 00 00 00 00 00 
00 00 00 00 00 00 00 
00 00 00 00 00 00 28 
08 06 00 00 05 01 00 
00 00 02 04 00 03 00 
00 00 00 00 00 00 00 

00 00 00 00 00 00 26 
00 00 23 00 00 22 00 
00 27 21 25 24 00 00 
00 00 00 00 00 00 00 
00 00 00 00 00 00 00 
00 00 00 00 00 00 28 
08 06 00 00 05 01 00 
00 00 02 04 00 03 00 
00 00 00 00 00 00 00 

00 00 00 00 00 00 26 
00 00 23 00 00 22 00 
00 27 21 25 24 00 00 
00 00 00 00 00 00 00 
00 00 00 00 00 00 00 
00 00 00 00 00 00 28 
08 06 00 05 00 01 00 
00 00 02 04 00 03 00 
00 00 00 00 00 00 00 

00 00 00 00 00 00 26 
00 00 23 00 00 22 00 
00 00 21 25 24 00 00 
00 00 00 00 00 00 00 
00 00 00 00 00 00 00 
00 00 00 00 00 00 28 
08 27 00 05 00 01 00 
00 00 02 04 00 03 00 
00 00 00 00 00 00 00 

00 00 00 00 00 00 26 
00 00 23 00 00 22 00 
00 00 21 25 24 00 00 
00 00 00 00 00 00 00 
00 00 00 00 00 00 00 
00 00 00 05 00 00 28 
08 27 00 00 00 01 00 
00 00 02 04 00 03 00 
00 00 00 00 00 00 00 

00 00 00 00 00 00 00 
00 00 23 00 00 22 26 
00 00 21 25 24 00 00 
00 00 00 00 00 00 00 
00 00 00 00 00 00 00 
00 00 00 05 00 00 28 
08 27 00 00 00 01 00 
00 00 02 04 00 03 00 
00 00 00 00 00 00 00 

00 00 00 00 00 00 00 
00 00 23 00 00 22 26 
00 00 21 25 24 00 00 
00 00 00 00 00 00 00 
00 00 00 05 00 00 00 
00 00 00 00 00 00 28 
08 27 00 00 00 01 00 
00 00 02 04 00 03 00 
00 00 00 00 00 00 00 

00 00 00 00 00 00 00 
00 00 23 00 00 22 00 
00 00 21 25 24 00 26 
00 00 00 00 00 00 00 
00 00 00 05 00 00 00 
00 00 00 00 00 00 28 
08 27 00 00 00 01 00 
00 00 02 04 00 03 00 
00 00 00 00 00 00 00 

00 00 00 00 00 00 00 
00 00 23 00 00 22 00 
00 00 21 25 24 00 26 
00 00 00 05 00 00 00 
00 00 00 00 00 00 00 
00 00 00 00 00 00 28 
08 27 00 00 00 01 00 
00 00 02 04 00 03 00 
00 00 00 00 00 00 00 

00 00 00 00 00 00 00 
00 00 23 00 00 22 00 
00 00 21 25 24 00 00 
00 00 00 05 00 00 26 
00 00 00 00 00 00 00 
00 00 00 00 00 00 28 
08 27 00 00 00 01 00 
00 00 02 04 00 03 00 
00 00 00 00 00 00 00 

00 00 00 00 00 00 00 
00 00 23 00 00 22 00 
00 00 21 25 24 00 00 
00 00 00 05 00 00 26 
00 00 00 00 00 00 00 
00 00 00 00 00 00 28 
08 27 00 04 00 01 00 
00 00 02 00 00 03 00 
00 00 00 00 00 00 00 

00 00 00 00 00 00 00 
00 00 23 00 00 22 00 
00 00 21 25 24 00 00 
00 00 00 26 00 00 00 
00 00 00 00 00 00 00 
00 00 00 00 00 00 28 
08 27 00 04 00 01 00 
00 00 02 00 00 03 00 
00 00 00 00 00 00 00 

00 00 00 00 00 00 00 
00 00 23 00 00 22 00 
00 00 21 25 24 00 00 
00 00 00 26 00 00 00 
00 00 00 00 00 00 00 
00 00 00 04 00 00 28 
08 27 00 00 00 01 00 
00 00 02 00 00 03 00 
00 00 00 00 00 00 00 

00 00 00 00 00 00 00 
00 00 23 00 00 22 00 
00 00 21 25 24 00 00 
00 00 00 00 00 00 26 
00 00 00 00 00 00 00 
00 00 00 04 00 00 28 
08 27 00 00 00 01 00 
00 00 02 00 00 03 00 
00 00 00 00 00 00 00 

00 00 00 00 00 00 00 
00 00 23 00 00 22 00 
00 00 21 25 24 00 00 
00 00 00 00 00 00 26 
00 00 00 04 00 00 00 
00 00 00 00 00 00 28 
08 27 00 00 00 01 00 
00 00 02 00 00 03 00 
00 00 00 00 00 00 00 

00 00 00 00 00 00 00 
00 00 23 00 00 22 00 
00 00 21 00 24 00 00 
00 00 00 25 00 00 26 
00 00 00 04 00 00 00 
00 00 00 00 00 00 28 
08 27 00 00 00 01 00 
00 00 02 00 00 03 00 
00 00 00 00 00 00 00 

00 00 00 00 00 00 00 
00 00 23 00 00 22 00 
00 00 21 00 24 00 00 
00 00 00 25 00 00 26 
00 00 00 04 00 00 00 
00 00 00 00 00 00 28 
08 27 00 00 00 01 00 
00 00 02 00 03 00 00 
00 00 00 00 00 00 00 

00 00 00 00 00 00 00 
00 00 23 00 00 22 00 
00 00 21 00 00 24 00 
00 00 00 25 00 00 26 
00 00 00 04 00 00 00 
00 00 00 00 00 00 28 
08 27 00 00 00 01 00 
00 00 02 00 03 00 00 
00 00 00 00 00 00 00 

00 00 00 00 00 00 00 
00 00 23 00 00 22 00 
00 00 21 00 00 24 00 
00 00 00 25 00 00 26 
00 00 00 04 00 00 00 
00 00 00 00 00 00 28 
08 27 00 00 03 01 00 
00 00 02 00 00 00 00 
00 00 00 00 00 00 00 

00 00 00 00 00 00 00 
00 00 23 00 00 22 00 
00 00 21 00 00 24 26 
00 00 00 25 00 00 00 
00 00 00 04 00 00 00 
00 00 00 00 00 00 28 
08 27 00 00 03 01 00 
00 00 02 00 00 00 00 
00 00 00 00 00 00 00 

00 00 00 00 00 00 00 
00 00 23 00 00 22 00 
00 00 21 00 00 24 26 
00 00 00 25 00 00 00 
00 00 00 04 00 00 00 
00 00 00 00 00 00 28 
08 27 00 00 03 00 00 
00 00 02 00 00 01 00 
00 00 00 00 00 00 00 

00 00 00 00 00 00 00 
00 00 23 00 00 22 00 
00 00 21 00 00 24 26 
00 00 00 25 00 00 00 
00 00 00 04 00 00 00 
00 00 00 00 00 00 00 
08 27 00 00 03 00 28 
00 00 02 00 00 01 00 
00 00 00 00 00 00 00 

00 00 00 00 00 00 00 
00 00 23 00 00 22 00 
00 00 21 00 00 24 26 
00 00 00 25 00 00 00 
00 00 00 04 00 00 00 
00 00 00 00 00 00 00 
08 27 00 00 00 03 28 
00 00 02 00 00 01 00 
00 00 00 00 00 00 00 

00 00 00 00 00 00 00 
00 00 23 00 00 22 00 
00 00 21 00 00 24 26 
00 00 00 00 00 00 00 
00 00 00 25 00 00 00 
00 00 00 00 00 00 00 
08 27 00 00 00 03 28 
00 00 02 00 00 01 00 
00 00 00 00 00 00 00 

00 00 00 00 00 00 00 
00 00 23 00 00 22 00 
00 00 21 00 00 24 26 
00 00 00 00 00 00 00 
00 00 00 25 00 00 00 
00 00 00 00 00 00 00 
08 27 00 00 00 03 28 
00 00 02 00 00 00 00 
00 00 00 00 00 01 00 

00 00 00 00 00 00 00 
00 00 23 00 00 22 26 
00 00 21 00 00 24 00 
00 00 00 00 00 00 00 
00 00 00 25 00 00 00 
00 00 00 00 00 00 00 
08 27 00 00 00 03 28 
00 00 02 00 00 00 00 
00 00 00 00 00 01 00 

00 00 00 00 00 00 00 
00 00 23 00 00 22 26 
00 00 21 00 00 24 00 
00 00 00 00 00 00 00 
00 00 00 25 00 00 00 
00 00 00 00 00 00 00 
08 27 00 00 00 03 28 
00 00 02 00 00 01 00 
00 00 00 00 00 00 00 

00 00 00 00 00 00 00 
00 00 23 00 00 22 26 
00 00 21 00 00 24 00 
00 00 00 00 00 00 00 
00 00 00 25 00 00 00 
00 00 00 00 00 00 00 
08 27 00 00 00 03 00 
00 00 02 00 00 01 28 
00 00 00 00 00 00 00 

00 00 00 00 00 00 00 
00 00 23 00 00 22 26 
00 00 21 00 00 24 00 
00 00 00 00 00 00 00 
00 00 00 25 00 00 00 
00 00 00 00 00 00 00 
08 27 00 00 00 00 03 
00 00 02 00 00 01 28 
00 00 00 00 00 00 00 

00 00 00 00 00 00 00 
00 00 23 00 00 22 26 
00 00 21 00 00 00 24 
00 00 00 00 00 00 00 
00 00 00 25 00 00 00 
00 00 00 00 00 00 00 
08 27 00 00 00 00 03 
00 00 02 00 00 01 28 
00 00 00 00 00 00 00 

00 00 00 00 00 00 00 
00 00 23 00 00 22 26 
00 00 21 00 00 00 24 
00 00 00 00 00 00 00 
00 00 00 25 00 00 00 
00 00 00 00 00 00 03 
08 27 00 00 00 00 00 
00 00 02 00 00 01 28 
00 00 00 00 00 00 00 

00 00 00 00 00 00 00 
00 00 23 00 00 22 26 
00 00 21 00 00 00 00 
00 00 00 00 00 00 24 
00 00 00 25 00 00 00 
00 00 00 00 00 00 03 
08 27 00 00 00 00 00 
00 00 02 00 00 01 28 
00 00 00 00 00 00 00 

00 00 00 00 00 00 00 
00 00 23 00 00 22 26 
00 00 21 00 00 00 00 
00 00 00 00 00 00 24 
00 00 00 25 00 00 03 
00 00 00 00 00 00 00 
08 27 00 00 00 00 00 
00 00 02 00 00 01 28 
00 00 00 00 00 00 00 

00 00 00 00 00 00 00 
00 00 23 00 00 22 26 
00 00 21 00 00 00 00 
00 00 00 00 00 00 00 
00 00 00 25 00 00 24 
00 00 00 00 00 00 00 
08 27 00 00 00 00 00 
00 00 02 00 00 01 28 
00 00 00 00 00 00 00 

00 00 00 00 00 00 00 
00 00 23 00 00 22 26 
00 00 21 00 00 00 00 
00 00 00 00 00 00 00 
00 00 00 25 00 00 24 
00 00 00 00 00 00 00 
08 27 02 00 00 00 00 
00 00 00 00 00 01 28 
00 00 00 00 00 00 00 

00 00 00 00 00 00 00 
00 00 23 00 00 22 26 
00 00 21 00 00 00 00 
00 00 00 25 00 00 00 
00 00 00 00 00 00 24 
00 00 00 00 00 00 00 
08 27 02 00 00 00 00 
00 00 00 00 00 01 28 
00 00 00 00 00 00 00 

00 00 00 00 00 00 00 
00 00 23 00 00 22 26 
00 00 21 00 00 00 00 
00 00 00 25 00 00 00 
00 00 00 00 00 00 24 
00 00 00 00 00 00 00 
08 27 00 02 00 00 00 
00 00 00 00 00 01 28 
00 00 00 00 00 00 00 

00 00 00 00 00 00 00 
00 00 23 00 00 22 26 
00 00 21 25 00 00 00 
00 00 00 00 00 00 00 
00 00 00 00 00 00 24 
00 00 00 00 00 00 00 
08 27 00 02 00 00 00 
00 00 00 00 00 01 28 
00 00 00 00 00 00 00 

00 00 00 00 00 00 00 
00 00 23 00 00 22 26 
00 00 21 25 00 00 00 
00 00 00 00 00 00 00 
00 00 00 00 00 00 24 
00 00 00 02 00 00 00 
08 27 00 00 00 00 00 
00 00 00 00 00 01 28 
00 00 00 00 00 00 00 

00 00 00 00 00 00 00 
00 00 23 00 00 22 26 
00 00 21 00 25 00 00 
00 00 00 00 00 00 00 
00 00 00 00 00 00 24 
00 00 00 02 00 00 00 
08 27 00 00 00 00 00 
00 00 00 00 00 01 28 
00 00 00 00 00 00 00 

00 00 00 00 00 00 00 
00 00 23 00 00 22 26 
00 00 21 00 25 00 00 
00 00 00 00 00 00 00 
00 00 00 02 00 00 24 
00 00 00 00 00 00 00 
08 27 00 00 00 00 00 
00 00 00 00 00 01 28 
00 00 00 00 00 00 00 

00 00 00 00 00 00 00 
00 00 23 00 00 22 26 
00 00 21 00 00 25 00 
00 00 00 00 00 00 00 
00 00 00 02 00 00 24 
00 00 00 00 00 00 00 
08 27 00 00 00 00 00 
00 00 00 00 00 01 28 
00 00 00 00 00 00 00 

00 00 00 00 00 00 00 
00 00 23 00 00 22 26 
00 00 21 00 00 25 00 
00 00 00 02 00 00 00 
00 00 00 00 00 00 24 
00 00 00 00 00 00 00 
08 27 00 00 00 00 00 
00 00 00 00 00 01 28 
00 00 00 00 00 00 00 

00 00 00 00 00 00 00 
00 00 23 00 00 22 26 
00 21 00 00 00 25 00 
00 00 00 02 00 00 00 
00 00 00 00 00 00 24 
00 00 00 00 00 00 00 
08 27 00 00 00 00 00 
00 00 00 00 00 01 28 
00 00 00 00 00 00 00 

00 00 00 00 00 00 00 
00 00 23 00 00 22 26 
00 21 00 02 00 25 00 
00 00 00 00 00 00 00 
00 00 00 00 00 00 24 
00 00 00 00 00 00 00 
08 27 00 00 00 00 00 
00 00 00 00 00 01 28 
00 00 00 00 00 00 00 

00 00 00 00 00 00 00 
00 00 00 00 00 22 26 
00 21 23 02 00 25 00 
00 00 00 00 00 00 00 
00 00 00 00 00 00 24 
00 00 00 00 00 00 00 
08 27 00 00 00 00 00 
00 00 00 00 00 01 28 
00 00 00 00 00 00 00 

00 00 00 00 00 00 00 
00 00 00 00 00 22 26 
00 21 23 02 00 25 00 
00 00 00 00 00 00 00 
00 00 00 00 00 00 24 
00 00 00 00 00 00 00 
00 27 00 00 00 00 00 
08 00 00 00 00 01 28 
00 00 00 00 00 00 00 

00 00 00 00 00 00 00 
00 00 00 00 00 22 26 
00 21 00 23 00 25 00 
00 00 00 00 00 00 00 
00 00 00 00 00 00 24 
00 00 00 00 00 00 00 
00 27 00 00 00 00 00 
08 00 00 00 00 01 28 
00 00 00 00 00 00 00 

00 00 00 00 00 00 00 
00 00 00 00 00 22 26 
00 21 00 23 00 25 00 
00 00 00 00 00 00 00 
00 00 00 00 00 00 24 
00 00 00 00 00 00 00 
00 27 00 00 00 01 00 
08 00 00 00 00 00 28 
00 00 00 00 00 00 00 

00 00 00 00 00 00 00 
00 00 00 00 22 00 26 
00 21 00 23 00 25 00 
00 00 00 00 00 00 00 
00 00 00 00 00 00 24 
00 00 00 00 00 00 00 
00 27 00 00 00 01 00 
08 00 00 00 00 00 28 
00 00 00 00 00 00 00 

00 00 00 00 00 00 00 
00 00 00 00 22 00 26 
00 21 00 23 00 25 00 
00 00 00 00 00 00 00 
00 00 00 00 00 00 24 
00 00 00 00 00 00 00 
00 27 00 00 01 00 00 
08 00 00 00 00 00 28 
00 00 00 00 00 00 00 

00 00 00 00 00 00 00 
00 00 00 00 00 00 26 
00 21 00 23 22 25 00 
00 00 00 00 00 00 00 
00 00 00 00 00 00 24 
00 00 00 00 00 00 00 
00 27 00 00 01 00 00 
08 00 00 00 00 00 28 
00 00 00 00 00 00 00 

00 00 00 00 00 00 00 
00 00 00 00 00 00 26 
00 21 00 23 22 25 00 
00 00 00 00 00 00 00 
00 00 00 00 00 00 24 
00 00 00 00 00 00 00 
00 27 00 00 01 00 00 
00 08 00 00 00 00 28 
00 00 00 00 00 00 00 

00 00 00 00 00 00 00 
00 00 00 00 00 00 26 
00 21 00 23 22 25 00 
00 00 00 00 00 00 24 
00 00 00 00 00 00 00 
00 00 00 00 00 00 00 
00 27 00 00 01 00 00 
00 08 00 00 00 00 28 
00 00 00 00 00 00 00 

00 00 00 00 00 00 00 
00 00 00 00 00 00 26 
00 21 00 23 22 25 00 
00 00 00 00 00 00 24 
00 00 00 00 00 00 00 
00 00 00 00 00 00 00 
00 27 00 00 01 00 00 
00 00 08 00 00 00 28 
00 00 00 00 00 00 00 

00 00 00 00 00 00 00 
00 00 00 00 00 00 26 
00 21 23 00 22 25 00 
00 00 00 00 00 00 24 
00 00 00 00 00 00 00 
00 00 00 00 00 00 00 
00 27 00 00 01 00 00 
00 00 08 00 00 00 28 
00 00 00 00 00 00 00 

00 00 00 00 00 00 00 
00 00 00 00 00 00 26 
00 21 23 00 22 25 00 
00 00 00 00 00 00 24 
00 00 00 00 00 00 00 
00 00 00 00 01 00 00 
00 27 00 00 00 00 00 
00 00 08 00 00 00 28 
00 00 00 00 00 00 00 

00 00 00 00 00 00 00 
00 00 00 00 00 00 26 
00 21 23 22 00 25 00 
00 00 00 00 00 00 24 
00 00 00 00 00 00 00 
00 00 00 00 01 00 00 
00 27 00 00 00 00 00 
00 00 08 00 00 00 28 
00 00 00 00 00 00 00 

00 00 00 00 00 00 00 
00 00 00 00 00 00 26 
00 21 23 22 00 25 00 
00 00 00 00 00 00 24 
00 00 00 00 01 00 00 
00 00 00 00 00 00 00 
00 27 00 00 00 00 00 
00 00 08 00 00 00 28 
00 00 00 00 00 00 00 

00 00 00 00 00 00 00 
00 00 00 00 00 00 26 
00 21 23 00 00 25 00 
00 00 00 22 00 00 24 
00 00 00 00 01 00 00 
00 00 00 00 00 00 00 
00 27 00 00 00 00 00 
00 00 08 00 00 00 28 
00 00 00 00 00 00 00 

00 00 00 00 00 00 00 
00 00 00 00 00 00 26 
00 21 23 00 00 25 00 
00 00 00 22 01 00 24 
00 00 00 00 00 00 00 
00 00 00 00 00 00 00 
00 27 00 00 00 00 00 
00 00 08 00 00 00 28 
00 00 00 00 00 00 00 

00 00 00 00 00 00 00 
00 00 00 00 00 00 26 
00 21 23 00 00 25 00 
00 00 00 00 01 00 24 
00 00 00 22 00 00 00 
00 00 00 00 00 00 00 
00 27 00 00 00 00 00 
00 00 08 00 00 00 28 
00 00 00 00 00 00 00 

00 00 00 00 00 00 00 
00 00 00 00 00 00 26 
00 21 23 00 00 25 00 
00 00 00 01 00 00 24 
00 00 00 22 00 00 00 
00 00 00 00 00 00 00 
00 27 00 00 00 00 00 
00 00 08 00 00 00 28 
00 00 00 00 00 00 00 

00 00 00 00 00 00 00 
00 00 00 00 00 00 26 
00 21 23 00 00 25 00 
00 00 00 22 00 00 24 
00 00 00 00 00 00 00 
00 00 00 00 00 00 00 
00 27 00 00 00 00 00 
00 00 08 00 00 00 28 
00 00 00 00 00 00 00 

00 00 00 00 00 00 00 
00 00 00 00 00 00 26 
00 21 23 00 00 25 00 
00 00 00 22 00 00 24 
00 00 00 00 00 00 00 
00 00 00 00 00 00 00 
00 27 00 00 00 00 00 
00 00 00 08 00 00 28 
00 00 00 00 00 00 00 

00 00 00 00 00 00 00 
00 00 00 00 00 00 26 
00 21 23 00 00 25 00 
00 00 00 22 00 00 24 
00 00 00 00 00 00 00 
00 00 00 00 00 00 00 
00 27 00 00 00 00 00 
00 00 00 08 00 28 00 
00 00 00 00 00 00 00 

00 00 00 00 00 00 00 
00 00 00 00 00 00 26 
00 21 23 00 00 25 00 
00 00 00 22 00 00 24 
00 00 00 00 00 00 00 
00 00 00 00 00 00 00 
00 27 00 08 00 00 00 
00 00 00 00 00 28 00 
00 00 00 00 00 00 00 

00 00 00 00 00 00 00 
00 00 00 00 00 00 26 
00 21 23 00 00 25 00 
00 00 00 22 00 00 24 
00 00 00 00 00 00 00 
00 00 00 00 00 00 00 
00 27 00 08 00 00 00 
00 00 00 00 28 00 00 
00 00 00 00 00 00 00 

