27 00 00 00 00 00 26 
00 23 00 00 00 22 00 
21 00 25 00 24 00 28 
00 00 00 00 00 00 00 
00 00 00 00 00 00 00 
00 00 00 00 00 00 00 
08 00 04 00 05 00 01 
00 02 00 00 00 03 00 
06 00 00 00 00 00 07 

27 00 00 00 00 00 26 
00 23 00 00 00 22 00 
21 00 25 00 24 00 28 
00 00 00 00 00 00 00 
00 00 00 00 00 00 00 
00 00 00 00 00 00 01 
08 00 04 00 05 00 00 
00 02 00 00 00 03 00 
06 00 00 00 00 00 07 

27 00 00 00 00 00 26 
00 23 00 00 00 22 00 
21 00 25 24 00 00 28 
00 00 00 00 00 00 00 
00 00 00 00 00 00 00 
00 00 00 00 00 00 01 
08 00 04 00 05 00 00 
00 02 00 00 00 03 00 
06 00 00 00 00 00 07 

27 00 00 00 00 00 26 
00 23 00 00 00 22 00 
21 00 25 24 00 00 28 
00 00 00 00 00 00 00 
00 00 00 00 00 00 00 
00 00 00 00 00 00 01 
08 00 04 05 00 00 00 
00 02 00 00 00 03 00 
06 00 00 00 00 00 07 

27 00 00 00 00 00 26 
00 23 00 00 00 22 00 
21 25 00 24 00 00 28 
00 00 00 00 00 00 00 
00 00 00 00 00 00 00 
00 00 00 00 00 00 01 
08 00 04 05 00 00 00 
00 02 00 00 00 03 00 
06 00 00 00 00 00 07 

27 00 00 00 00 00 26 
00 23 00 00 00 22 00 
21 25 00 24 00 00 28 
00 00 00 00 00 00 00 
00 00 00 00 00 00 01 
00 00 00 00 00 00 00 
08 00 04 05 00 00 00 
00 02 00 00 00 03 00 
06 00 00 00 00 00 07 

27 00 00 00 00 26 00 
00 23 00 00 00 22 00 
21 25 00 24 00 00 28 
00 00 00 00 00 00 00 
00 00 00 00 00 00 01 
00 00 00 00 00 00 00 
08 00 04 05 00 00 00 
00 02 00 00 00 03 00 
06 00 00 00 00 00 07 

27 00 00 00 00 26 00 
00 23 00 00 00 22 00 
21 25 00 24 00 00 28 
00 00 00 00 00 00 00 
00 00 00 00 00 00 00 
00 00 00 00 00 00 01 
08 00 04 05 00 00 00 
00 02 00 00 00 03 00 
06 00 00 00 00 00 07 

27 00 00 00 00 26 00 
00 23 00 00 00 00 22 
21 25 00 24 00 00 28 
00 00 00 00 00 00 00 
00 00 00 00 00 00 00 
00 00 00 00 00 00 01 
08 00 04 05 00 00 00 
00 02 00 00 00 03 00 
06 00 00 00 00 00 07 

27 00 00 00 00 26 00 
00 23 00 00 00 00 22 
21 25 00 24 00 00 28 
00 00 00 00 00 00 00 
00 00 00 00 00 00 00 
00 00 00 00 00 00 00 
08 00 04 05 00 00 01 
00 02 00 00 00 03 00 
06 00 00 00 00 00 07 

27 00 00 00 00 00 00 
00 23 00 00 00 26 22 
21 25 00 24 00 00 28 
00 00 00 00 00 00 00 
00 00 00 00 00 00 00 
00 00 00 00 00 00 00 
08 00 04 05 00 00 01 
00 02 00 00 00 03 00 
06 00 00 00 00 00 07 

27 00 00 00 00 00 00 
00 23 00 00 00 26 22 
21 25 00 24 00 00 28 
00 00 00 00 00 00 00 
00 00 00 00 00 00 00 
00 00 00 00 00 00 01 
08 00 04 05 00 00 00 
00 02 00 00 00 03 00 
06 00 00 00 00 00 07 

27 00 00 00 00 00 00 
00 23 00 00 00 00 22 
21 25 00 24 00 26 28 
00 00 00 00 00 00 00 
00 00 00 00 00 00 00 
00 00 00 00 00 00 01 
08 00 04 05 00 00 00 
00 02 00 00 00 03 00 
06 00 00 00 00 00 07 

27 00 00 00 00 00 00 
00 23 00 00 00 00 22 
21 25 00 24 00 26 28 
00 00 00 00 00 00 00 
00 00 00 00 00 00 01 
00 00 00 00 00 00 00 
08 00 04 05 00 00 00 
00 02 00 00 00 03 00 
06 00 00 00 00 00 07 

27 00 00 00 00 00 00 
00 23 00 00 00 00 22 
21 25 00 24 00 00 28 
00 00 00 00 00 00 00 
00 00 00 00 00 00 01 
00 00 00 00 00 00 00 
08 00 04 05 00 26 00 
00 02 00 00 00 03 00 
06 00 00 00 00 00 07 

27 00 00 00 00 00 00 
00 23 00 00 00 00 22 
21 25 00 24 00 00 28 
00 00 00 00 00 00 01 
00 00 00 00 00 00 00 
00 00 00 00 00 00 00 
08 00 04 05 00 26 00 
00 02 00 00 00 03 00 
06 00 00 00 00 00 07 

27 00 00 00 00 00 00 
00 23 00 00 00 00 22 
21 25 00 24 00 00 28 
00 00 00 00 00 00 01 
00 00 00 00 00 00 00 
00 00 00 00 00 00 00 
08 00 04 05 00 00 00 
00 02 00 00 00 26 00 
06 00 00 00 00 00 07 

27 00 00 00 00 00 26 
00 23 00 00 00 00 28 
21 00 00 00 00 22 00 
00 00 00 00 00 00 00 
00 00 00 00 00 00 00 
00 00 00 00 00 00 00 
08 00 07 00 05 00 01 
00 02 00 00 03 00 00 
06 00 00 00 00 00 00 

